2101
2106
